1884
2446
4005
2415
8441
7233
5443
9433
5278
2392
2382
3147
5805
10108
5347
5041
2379
3985
5199
10139
573
9304
13744
13777
9445
9683
14010
371
269
4183
2689
12811
11124
7612
9514
4107
3425
9410
8967
6642
9753
4401
2924
5290
6405
11597
2925
7287
3162
298
11620
5800
9406
6017
8337
5269
12007
7110
1969
5274
5555
12725
94
6420
12300
5374
15050
2694
509
9684
14046
13400
1967
6181
2252
3959
767
5270
5968
11652
13105
8472
14096
7790
14187
5258
271
2164
2692
14119
14614
5803
2395
2165
6406
5268
1909
5826
5264
3422
14896
5275
12739
8954
3973
9970
8477
1903
4395
16235
10135
8452
486
2935
5277
14049
4589
790
10381
9516
6024
7999
5326
13122
303
4583
2701
459
327
12936
11329
2396
9517
3163
5280
13811
9469
304
5520
12932
2686
5327
9261
10245
10455
2381
5821
795
8000
1973
7023
12714
6645
10354
2385
2700
11117
2380
12978
3500
5820
6410
1996
13770
12617
6230
13779
6074
7748
11648
10232
9972
7567
12938
7894
2610
5187
5276
6947
15772
7333
5823
9159
6456
5320
1409
5760
3762
14023
12571
3971
14697
2693
3630
2236
11529
11996
6775
8504
2378
5425
11423
5267
6203
13311
1904
9408
10041
6414
951
8137
10050
5279
5594
9800
13586
5862
5319
5447
651
9682
12940
12719
372
4043
6412
6557
12943
15639
7595
12907
12412
11655
14198
5822
9411
2938
6629
5418
14138
5318
6256
4759
1643
3301
4945
10743
458
13906
12516
3164
