4824
13865
14005
4296
14011
1628
2796
15050
896
9408
766
6127
6406
6966
14564
8983
5167
3230
318
1911
5269
10397
11357
2897
5806
15069
315
271
432
4945
6405
5808
3239
12067
4124
7595
5436
7616
830
6403
8395
10064
10699
5278
5646
4370
5791
9112
4260
3248
14023
14464
5276
9460
3558
11417
9852
6230
611
8943
12475
9514
11324
10455
3693
1539
13498
5829
8541
11655
10977
11004
11382
3502
11189
1044
12516
15283
5174
14758
9868
6778
4375
5265
13105
14697
10336
11529
14370
111
3345
9444
6915
11857
7167
8666
2410
6947
13723
9351
12072
8157
651
2635
15381
9216
2839
5374
6552
13035
12938
9471
9468
8212
11422
269
7604
11652
15090
12617
5820
3403
5274
1290
15639
2938
12975
8967
1689
8190
6706
9306
6144
2333
9425
4187
4589
9640
24
5123
9929
12394
10520
767
1193
10001
257
9974
14850
12811
12157
4867
3193
9415
7591
8485
5822
5036
5280
14806
4401
3253
14778
5199
4650
3527
3744
2898
2692
5219
12993
3630
15449
874
10125
7037
9801
4986
1967
12773
10768
11615
1875
3308
7219
9877
6734
5821
1867
8128
10420
16091
3606
2693
6946
15466
9169
12566
13572
1024
3914
12684
2379
822
2384
10134
16252
10301
9445
2563
10030
2236
11333
7303
12591
3500
15410
11868
10782
12474
3756
9433
9304
12074
6328
13716
5754
10183
15684
2378
2934
10677
7556
6256
6186
13220
7234
14695
7963
1370
14213
11282
6407
10665
3943
5584
7962
8000
1880
9462
2495
723
14164
8504
9233
15296
16120
15781
5237
1304
2700
4869
4364
2866
10135
9516
371
5975
8197
1884
12423
12967
14932
10352
11138
14149
6648
3771
12300
6038
5582
296
2380
7810
298
1364
1856
14205
13793
11248
13134
1190
14
458
6181
709
4039
11366
327
12970
8088
14896
5054
11232
12725
9517
12998
13232
11136
13576
14219
5258
9676
5935
5458
303
28
11858
5824
9994
10156
12459
5717
8220
3975
1749
5327
10381
14787
2392
2346
10886
5695
13476
13729
6235
2686
765
7157
762
5530
14660
7110
1361
3770
5591
2165
9980
3192
2828
9128
7890
15116
7502
2935
2617
7643
13825
15424
6473
14576
12715
3504
4005
13236
1870
10416
14010
4592
6415
8670
1903
6024
10045
312
9362
3162
573
2957
16035
13122
7623
7114
2037
5862
6629
11740
13779
1849
6079
5756
3825
5408
14223
170
3315
483
15208
8147
5260
14138
14518
15729
10067
5872
5555
9613
9099
16036
3764
13586
9453
5277
11644
2469
15614
4123
7233
10399
2395
10139
10781
9786
15610
14960
3495
304
9510
8145
2695
9753
8667
5800
2642
9407
7589
2381
459
14511
13231
11717
13432
10503
11667
9117
14049
1904
11780
11657
6531
14446
1442
9511
14870
11870
6203
9205
10354
11648
12728
5326
6735
3774
10528
15322
12568
12495
15295
302
9970
14027
3582
5116
3759
12737
507
2924
15330
14844
7612
8124
15557
15571
6607
9972
8041
752
5580
8137
8523
3890
4334
2610
13509
9505
6878
6645
8179
6300
7020
1167
9371
4325
8283
6682
11341
256
6862
4395
6171
119
5361
13771
8477
12724
9469
4962
7790
5282
2929
15374
6456
2272
2568
4022
12871
8142
6409
10877
6702
991
6410
1003
12978
14614
1241
7661
3323
12640
15806
15631
10061
2359
12492
485
11117
2790
16289
2394
7316
6834
3481
6642
10432
6412
5380
15873
13720
12397
13978
3301
11449
4107
10315
7504
3903
13744
10551
6282
356
13139
9363
12714
4066
13109
2896
6363
6414
5792
2925
11641
10082
5765
15020
324
12996
12412
12215
13742
2415
11620
1360
39
12935
12135
6218
11398
5803
4639
3422
9449
3180
5738
8414
7046
3232
9451
12633
10108
854
10576
11124
2689
4195
1387
11563
4503
7346
3154
154
8522
3908
932
9870
6318
10482
1504
10743
4897
10428
10041
9503
10405
5832
1747
4902
5804
9683
3785
13777
4692
9684
9249
10171
3467
8337
7968
14868
4186
8047
3164
10124
12559
9681
9675
5794
5140
6707
5144
519
1896
15364
9333
12837
12884
1855
1409
2382
852
5805
3349
14136
6265
443
16124
4598
5592
2573
11127
768
931
945
6309
13840
10392
6985
372
94
8865
14515
16246
6417
7515
15620
3772
8370
16235
4746
9032
7894
1483
5275
8148
4404
8121
5040
7220
6420
11859
7333
5847
7916
2396
15173
9364
13811
3538
12198
2650
12927
15323
12936
6315
15578
6925
4148
1078
14009
1043
11855
3784
5017
5968
8713
3763
7023
9913
12402
2128
13311
13095
14681
4836
11896
9361
5737
11845
335
13997
9258
11658
4474
9118
13770
543
13410
13511
3985
11996
12729
14096
7544
951
7446
6019
9808
2663
7085
12726
220
13785
10202
12361
12512
10049
2252
9467
4583
5041
5801
1328
1899
9558
10448
4759
5319
237
8202
11719
5279
13613
6652
13628
13998
7472
14860
3185
329
12718
12934
12212
13400
272
12115
2629
314
9259
9912
5815
12007
15600
2164
11402
8472
8954
91
5826
444
12940
13280
4183
3971
13221
13724
7683
9037
7050
10883
16293
5823
11162
10978
1882
12727
13548
5320
5594
12296
5255
5520
14927
1322
2385
10355
6374
1850
7552
5535
703
5268
112
15136
5443
6775
13719
4581
1091
12932
8874
9019
13438
197
12943
6920
5264
9911
5802
12930
9810
16179
2694
5270
16144
10044
12719
9185
14883
15508
3425
6017
1211
1453
13195
10092
10509
5425
7331
2920
9260
5779
7058
3775
1973
274
9800
6639
9995
10119
10232
13688
8959
8978
12907
8858
8158
6416
7457
5318
10137
9475
2147
5758
6115
3833
6257
13715
3898
3219
7807
11840
123
11597
12571
8452
11718
10846
8187
10278
7748
2887
13540
8305
15377
5225
11095
15686
12298
6876
6373
9162
14801
5457
10311
1455
10334
509
7340
11397
790
3221
267
486
4371
2691
14198
12637
12716
6858
2376
14299
10245
14641
12945
816
10050
7503
13552
9682
5290
2363
7045
12828
3098
5716
3984
8502
13165
1174
5556
9406
14557
5447
795
5743
6028
15772
2067
9662
1742
6390
3959
14055
6190
9427
6018
2986
5099
14155
7736
13892
3972
3468
4594
754
10268
7817
9206
3147
8425
835
11147
11240
3350
6626
5760
6879
11329
12803
4043
12199
15197
3973
9843
11781
533
12739
3044
1369
1643
9042
1909
5197
2446
5781
11400
4617
7092
10762
5267
5259
8873
8362
146
13032
10348
1302
10034
10769
9502
10398
6853
5355
6301
6184
3163
4552
7567
3019
5418
11460
9933
2875
12170
4239
8125
9555
1166
8403
9261
16352
4825
5272
2591
1748
14187
12276
3238
14808
3231
5398
5567
6708
3210
9240
3689
7599
2155
5795
12752
14090
7999
4251
1969
250
12130
13796
8237
12567
14849
14843
11586
13489
1996
9954
6031
8999
14119
9159
5347
3762
8235
15161
10234
6557
6119
13655
2701
9886
9411
7287
6074
3161
14046
9289
5799
9398
13906
5187
7961
13507
15688
5583
786
10169
5352
8441
9410
12939
10313
6027
15140
6962
14025
6670
3097
11423
